210428 1614   1 -26  1.73  14.0970287  KN8DMK EM89 33          0  4078   16    1 -212  0
210428 1656   3 -24 -1.43  14.0970289  KN8DMK EM89 33          0     1    0    1  348  0
210428 1741   2 -20  6.17  14.0970300  KN8DMK EM89 33          0     1    0    1  236  0
210428 1823   3 -25  3.39  14.0970798  W5JVS EM15 37           0     1    0    1  252  0
210428 1907   2 -30  5.10  14.0971911  N8CVW EN82 40           0     1    0    1  277  0
210428 1948   1 -21 -2.66  14.0970918  N2AJX FN13 30           1  3804  -16    1 -231  0
210428 1948   3 -26 -3.30  14.0971910  N8CVW EN82 40           0     1    0    1  263  0
210428 2033   1 -33  4.33  14.0970730  AF5ES DM65 33          -2   316    0    1 -181  0
210429 0300   3 -27 -2.79  14.0970725  <AF5ES> DM65VT 33      -2     1    0    1  350  0
210429 0638   4 -23  2.84  14.0970965  N7ROJ DM09 30           0     1    0    1  445  0
210429 0720   2 -24 -0.23  14.0970966  N7ROJ DM09 30           0     8    0    1   98  0
210429 1057   1 -29  5.36  14.0970533  K1URC FN54 23          -2   395   -8    1 -121  0
210429 1138   3 -14 -3.22  14.0970799  WA3DNM FM29 37          0   164    0    1    6  0
210429 1138   2 -25 -3.13  14.0971436  K9NNT FN21 23           0     1    0    1  131  0
210429 1348   2 -25 -2.32  14.0971908  N8CVW EN82 40           0  2745    8    1 -220  0
210429 1545   4 -24  3.01  14.0970963  K4HPS FM14 37           0     1    0    1  538  0
210429 1629   2 -27  5.31  14.0971016  K1WY FN31 37            0   688  -16    2 -186  0
210429 2341   2 -21  5.61  14.0970961  VA3SRV FN04 30          0     3    0    1   59  0
210430 0024   2 -24  2.58  14.0970439  AC3V FN11 37            0     2    0    1  128  0
210430 0106   3 -26 -0.96  14.0970121  KN4NBI FM16 40          0     1    0    1  312  0
